# oST version 5.0 parameters


[image]

width
1920

height
1080

[narrow_stereo]

camera matrix
1559.298908 0.000000 937.287472
0.000000 1559.597557 513.493237
0.000000 0.000000 1.000000

distortion
0.028400 -0.040177 -0.000840 -0.001024 0.000000

rectification
1.000000 0.000000 0.000000
0.000000 1.000000 0.000000
0.000000 0.000000 1.000000

projection
1566.467896 0.000000 934.857348 0.000000
0.000000 1567.410889 512.225049 0.000000
0.000000 0.000000 1.000000 0.000000
