image_width: 1920
image_height: 1080
camera_name: narrow_stereo
camera_matrix:
  rows: 3
  cols: 3
  data: [1559.29891,    0.     ,  937.28747,
            0.     , 1559.59756,  513.49324,
            0.     ,    0.     ,    1.     ]
distortion_model: plumb_bob
distortion_coefficients:
  rows: 1
  cols: 5
  data: [0.028400, -0.040177, -0.000840, -0.001024, 0.000000]
rectification_matrix:
  rows: 3
  cols: 3
  data: [1., 0., 0.,
         0., 1., 0.,
         0., 0., 1.]
projection_matrix:
  rows: 3
  cols: 4
  data: [1566.4679 ,    0.     ,  934.85735,    0.     ,
            0.     , 1567.41089,  512.22505,    0.     ,
            0.     ,    0.     ,    1.     ,    0.     ]
